{
  "metadata": {
    "export_time": 1751236298.6492999,
    "num_results": 4,
    "num_instances": 2,
    "available_solvers": [
      "PyVRP",
      "OR-Tools"
    ]
  },
  "results": [
    {
      "solver_name": "PyVRP",
      "instance_name": "small_feasible",
      "routes": [
        {
          "vehicle_id": 0,
          "locations": [
            0,
            6,
            2,
            0
          ],
          "total_distance": 80.47447440753363,
          "total_demand": 20,
          "total_time": 20.0
        },
        {
          "vehicle_id": 1,
          "locations": [
            0,
            5,
            4,
            3,
            0
          ],
          "total_distance": 105.85567860146628,
          "total_demand": 23,
          "total_time": 30.0
        }
      ],
      "total_distance": 186.3301530089999,
      "total_time": 50.0,
      "solve_time": 15.002066135406494,
      "status": "OPTIMAL",
      "objective_value": 186.3301530089999
    },
    {
      "solver_name": "OR-Tools",
      "instance_name": "small_feasible",
      "routes": [
        {
          "vehicle_id": 1,
          "locations": [
            0,
            2,
            5,
            6,
            4,
            3,
            1,
            0
          ],
          "total_distance": 193.346,
          "total_demand": 52,
          "total_time": 58.0
        }
      ],
      "total_distance": 193.346,
      "total_time": 58.0,
      "solve_time": 0.02841806411743164,
      "status": "OPTIMAL",
      "objective_value": 193.346
    },
    {
      "solver_name": "PyVRP",
      "instance_name": "medium_feasible",
      "routes": [
        {
          "vehicle_id": 0,
          "locations": [
            0,
            2,
            9,
            4,
            0
          ],
          "total_distance": 119.31136335953776,
          "total_demand": 39,
          "total_time": 36.0
        },
        {
          "vehicle_id": 1,
          "locations": [
            0,
            10,
            7,
            6,
            8,
            0
          ],
          "total_distance": 241.81489969330988,
          "total_demand": 73,
          "total_time": 37.0
        },
        {
          "vehicle_id": 2,
          "locations": [
            0,
            3,
            5,
            0
          ],
          "total_distance": 101.07198989941642,
          "total_demand": 24,
          "total_time": 17.0
        }
      ],
      "total_distance": 462.19825295226406,
      "total_time": 90.0,
      "solve_time": 20.00096297264099,
      "status": "OPTIMAL",
      "objective_value": 462.19825295226406
    },
    {
      "solver_name": "OR-Tools",
      "instance_name": "medium_feasible",
      "routes": [
        {
          "vehicle_id": 1,
          "locations": [
            0,
            6,
            5,
            2,
            10,
            0
          ],
          "total_distance": 115.894,
          "total_demand": 73,
          "total_time": 41.0
        },
        {
          "vehicle_id": 2,
          "locations": [
            0,
            7,
            1,
            8,
            9,
            3,
            4,
            0
          ],
          "total_distance": 173.879,
          "total_demand": 75,
          "total_time": 57.0
        }
      ],
      "total_distance": 289.773,
      "total_time": 98.0,
      "solve_time": 0.029983997344970703,
      "status": "OPTIMAL",
      "objective_value": 289.773
    }
  ],
  "instances": {
    "small_feasible": {
      "name": "small_feasible",
      "locations": [
        {
          "id": 0,
          "x": 50.0,
          "y": 50.0,
          "demand": 0,
          "service_time": 0,
          "time_window_start": 0,
          "time_window_end": 86400
        },
        {
          "id": 1,
          "x": 63.942679845788376,
          "y": 2.5010755222666936,
          "demand": 9,
          "service_time": 8,
          "time_window_start": 0,
          "time_window_end": 86400
        },
        {
          "id": 2,
          "x": 22.321073814882276,
          "y": 73.64712141640123,
          "demand": 15,
          "service_time": 13,
          "time_window_start": 0,
          "time_window_end": 86400
        },
        {
          "id": 3,
          "x": 8.693883262941615,
          "y": 42.192181968527045,
          "demand": 5,
          "service_time": 6,
          "time_window_start": 0,
          "time_window_end": 86400
        },
        {
          "id": 4,
          "x": 21.863797480360336,
          "y": 50.53552881033624,
          "demand": 5,
          "service_time": 13,
          "time_window_start": 0,
          "time_window_end": 86400
        },
        {
          "id": 5,
          "x": 19.88376506866485,
          "y": 64.98844377795233,
          "demand": 13,
          "service_time": 11,
          "time_window_start": 0,
          "time_window_end": 86400
        },
        {
          "id": 6,
          "x": 22.044062204069668,
          "y": 58.92656838759087,
          "demand": 5,
          "service_time": 7,
          "time_window_start": 0,
          "time_window_end": 86400
        }
      ],
      "vehicles": [
        {
          "id": 0,
          "capacity": 60,
          "depot_id": 0,
          "max_time": 86400
        },
        {
          "id": 1,
          "capacity": 60,
          "depot_id": 0,
          "max_time": 86400
        }
      ],
      "distance_matrix": [
        [
          0.0,
          49.502991301774536,
          36.40479784373507,
          42.03757012849446,
          28.14129853672139,
          33.63987296831261,
          29.346517361149736
        ],
        [
          49.502991301774536,
          0.0,
          82.42643953830748,
          68.02803432983457,
          63.85875855203627,
          76.45821841280048,
          70.28036998608994
        ],
        [
          36.40479784373507,
          82.42643953830748,
          0.0,
          34.27992908406219,
          23.11611590286811,
          8.99517494943612,
          14.723159202648832
        ],
        [
          42.03757012849446,
          68.02803432983457,
          34.27992908406219,
          0.0,
          15.590319978015051,
          25.394546802609366,
          21.407170914968813
        ],
        [
          28.14129853672139,
          63.85875855203627,
          23.11611590286811,
          15.590319978015051,
          0.0,
          14.587915526644162,
          8.3929756676442
        ],
        [
          33.63987296831261,
          76.45821841280048,
          8.99517494943612,
          25.394546802609366,
          14.587915526644162,
          0.0,
          6.435310168244273
        ],
        [
          29.346517361149736,
          70.28036998608994,
          14.723159202648832,
          21.407170914968813,
          8.3929756676442,
          6.435310168244273,
          0.0
        ]
      ],
      "problem_type": "CVRP"
    },
    "medium_feasible": {
      "name": "medium_feasible",
      "locations": [
        {
          "id": 0,
          "x": 50.0,
          "y": 50.0,
          "demand": 0,
          "service_time": 0,
          "time_window_start": 0,
          "time_window_end": 86400
        },
        {
          "id": 1,
          "x": 63.942679845788376,
          "y": 2.5010755222666936,
          "demand": 12,
          "service_time": 8,
          "time_window_start": 0,
          "time_window_end": 86400
        },
        {
          "id": 2,
          "x": 22.321073814882276,
          "y": 73.64712141640123,
          "demand": 18,
          "service_time": 13,
          "time_window_start": 0,
          "time_window_end": 86400
        },
        {
          "id": 3,
          "x": 8.693883262941615,
          "y": 42.192181968527045,
          "demand": 8,
          "service_time": 6,
          "time_window_start": 0,
          "time_window_end": 86400
        },
        {
          "id": 4,
          "x": 21.863797480360336,
          "y": 50.53552881033624,
          "demand": 8,
          "service_time": 13,
          "time_window_start": 0,
          "time_window_end": 86400
        },
        {
          "id": 5,
          "x": 19.88376506866485,
          "y": 64.98844377795233,
          "demand": 16,
          "service_time": 11,
          "time_window_start": 0,
          "time_window_end": 86400
        },
        {
          "id": 6,
          "x": 22.044062204069668,
          "y": 58.92656838759087,
          "demand": 20,
          "service_time": 5,
          "time_window_start": 0,
          "time_window_end": 86400
        },
        {
          "id": 7,
          "x": 75.88073671297673,
          "y": 15.965931637689012,
          "demand": 14,
          "service_time": 10,
          "time_window_start": 0,
          "time_window_end": 86400
        },
        {
          "id": 8,
          "x": 27.787134167164183,
          "y": 21.53137621075888,
          "demand": 20,
          "service_time": 10,
          "time_window_start": 0,
          "time_window_end": 86400
        },
        {
          "id": 9,
          "x": 10.22102765198487,
          "y": 37.99273006373374,
          "demand": 13,
          "service_time": 10,
          "time_window_start": 0,
          "time_window_end": 86400
        },
        {
          "id": 10,
          "x": 60.37260313668911,
          "y": 80.71282732743802,
          "demand": 19,
          "service_time": 12,
          "time_window_start": 0,
          "time_window_end": 86400
        }
      ],
      "vehicles": [
        {
          "id": 0,
          "capacity": 80,
          "depot_id": 0,
          "max_time": 86400
        },
        {
          "id": 1,
          "capacity": 80,
          "depot_id": 0,
          "max_time": 86400
        },
        {
          "id": 2,
          "capacity": 80,
          "depot_id": 0,
          "max_time": 86400
        }
      ],
      "distance_matrix": [
        [
          0.0,
          49.502991301774536,
          36.40479784373507,
          42.03757012849446,
          28.14129853672139,
          33.63987296831261,
          29.346517361149736,
          42.75664091222414,
          36.109194798013846,
          41.55166870760446,
          32.417104409189236
        ],
        [
          49.502991301774536,
          0.0,
          82.42643953830748,
          68.02803432983457,
          63.85875855203627,
          76.45821841280048,
          70.28036998608994,
          17.99498685671231,
          40.85799588346823,
          64.3869043868614,
          78.2931897941486
        ],
        [
          36.40479784373507,
          82.42643953830748,
          0.0,
          34.27992908406219,
          23.11611590286811,
          8.99517494943612,
          14.723159202648832,
          78.71313196694265,
          52.401609842773176,
          37.6516498957671,
          38.70197777568461
        ],
        [
          42.03757012849446,
          68.02803432983457,
          34.27992908406219,
          0.0,
          15.590319978015051,
          25.394546802609366,
          21.407170914968813,
          72.12412552629168,
          28.132207959060413,
          4.4685082841658055,
          64.45564526599865
        ],
        [
          28.14129853672139,
          63.85875855203627,
          23.11611590286811,
          15.590319978015051,
          0.0,
          14.587915526644162,
          8.3929756676442,
          64.13179221524432,
          29.602817188990755,
          17.113617083314193,
          48.92440555456113
        ],
        [
          33.63987296831261,
          76.45821841280048,
          8.99517494943612,
          25.394546802609366,
          14.587915526644162,
          0.0,
          6.435310168244273,
          74.42356837639628,
          44.16989885257527,
          28.672932415847473,
          43.435034777354865
        ],
        [
          29.346517361149736,
          70.28036998608994,
          14.723159202648832,
          21.407170914968813,
          8.3929756676442,
          6.435310168244273,
          0.0,
          68.87672924968942,
          37.83362622741149,
          24.04183297898021,
          44.08761876783043
        ],
        [
          42.75664091222414,
          17.99498685671231,
          78.71313196694265,
          72.12412552629168,
          64.13179221524432,
          74.42356837639628,
          68.87672924968942,
          0.0,
          48.414551316009316,
          69.25588237020523,
          66.5782450090059
        ],
        [
          36.109194798013846,
          40.85799588346823,
          52.401609842773176,
          28.132207959060413,
          29.602817188990755,
          44.16989885257527,
          37.83362622741149,
          48.414551316009316,
          0.0,
          24.07372569369925,
          67.55928466346987
        ],
        [
          41.55166870760446,
          64.3869043868614,
          37.6516498957671,
          4.4685082841658055,
          17.113617083314193,
          28.672932415847473,
          24.04183297898021,
          69.25588237020523,
          24.07372569369925,
          0.0,
          65.88009740292087
        ],
        [
          32.417104409189236,
          78.2931897941486,
          38.70197777568461,
          64.45564526599865,
          48.92440555456113,
          43.435034777354865,
          44.08761876783043,
          66.5782450090059,
          67.55928466346987,
          65.88009740292087,
          0.0
        ]
      ],
      "problem_type": "CVRP"
    }
  }
}