{
  "metadata": {
    "export_time": 1751238341.914269,
    "num_results": 4,
    "num_instances": 2,
    "available_solvers": [
      "PyVRP",
      "OR-Tools"
    ]
  },
  "results": [
    {
      "solver_name": "PyVRP",
      "instance_name": "delivery_route",
      "routes": [
        {
          "vehicle_id": 0,
          "locations": [
            0,
            6,
            7,
            2,
            8,
            0
          ],
          "total_distance": 277.20715895999604,
          "total_demand": 33,
          "total_time": 39.0
        },
        {
          "vehicle_id": 1,
          "locations": [
            0,
            4,
            5,
            3,
            0
          ],
          "total_distance": 110.16133099446938,
          "total_demand": 23,
          "total_time": 30.0
        }
      ],
      "total_distance": 387.3684899544654,
      "total_time": 69.0,
      "solve_time": 15.001780986785889,
      "status": "OPTIMAL",
      "objective_value": 387.3684899544654
    },
    {
      "solver_name": "OR-Tools",
      "instance_name": "delivery_route",
      "routes": [
        {
          "vehicle_id": 0,
          "locations": [
            0,
            7,
            8,
            1,
            0
          ],
          "total_distance": 145.36700000000002,
          "total_demand": 22,
          "total_time": 27.0
        },
        {
          "vehicle_id": 1,
          "locations": [
            0,
            4,
            3,
            6,
            5,
            2,
            0
          ],
          "total_distance": 116.97200000000001,
          "total_demand": 43,
          "total_time": 50.0
        }
      ],
      "total_distance": 262.33900000000006,
      "total_time": 77.0,
      "solve_time": 0.034918785095214844,
      "status": "OPTIMAL",
      "objective_value": 262.33900000000006
    },
    {
      "solver_name": "PyVRP",
      "instance_name": "distribution_network",
      "routes": [
        {
          "vehicle_id": 0,
          "locations": [
            0,
            12,
            3,
            10,
            5,
            0
          ],
          "total_distance": 268.45744506131814,
          "total_demand": 69,
          "total_time": 44.0
        },
        {
          "vehicle_id": 1,
          "locations": [
            0,
            2,
            11,
            8,
            7,
            0
          ],
          "total_distance": 169.51631621554023,
          "total_demand": 74,
          "total_time": 48.0
        },
        {
          "vehicle_id": 2,
          "locations": [
            0,
            9,
            4,
            6,
            0
          ],
          "total_distance": 205.87636268628356,
          "total_demand": 55,
          "total_time": 39.0
        }
      ],
      "total_distance": 643.8501239631419,
      "total_time": 131.0,
      "solve_time": 20.001294136047363,
      "status": "OPTIMAL",
      "objective_value": 643.8501239631419
    },
    {
      "solver_name": "OR-Tools",
      "instance_name": "distribution_network",
      "routes": [
        {
          "vehicle_id": 0,
          "locations": [
            0,
            7,
            4,
            1,
            5,
            0
          ],
          "total_distance": 133.94500000000002,
          "total_demand": 78,
          "total_time": 43.0
        },
        {
          "vehicle_id": 1,
          "locations": [
            0,
            11,
            2,
            10,
            6,
            0
          ],
          "total_distance": 117.541,
          "total_demand": 60,
          "total_time": 52.0
        },
        {
          "vehicle_id": 2,
          "locations": [
            0,
            8,
            12,
            9,
            3,
            0
          ],
          "total_distance": 138.77500000000003,
          "total_demand": 78,
          "total_time": 44.0
        }
      ],
      "total_distance": 390.2610000000001,
      "total_time": 139.0,
      "solve_time": 0.04618406295776367,
      "status": "OPTIMAL",
      "objective_value": 390.2610000000001
    }
  ],
  "instances": {
    "delivery_route": {
      "name": "delivery_route",
      "locations": [
        {
          "id": 0,
          "x": 50.0,
          "y": 50.0,
          "demand": 0,
          "service_time": 0,
          "time_window_start": 0,
          "time_window_end": 86400
        },
        {
          "id": 1,
          "x": 63.942679845788376,
          "y": 2.5010755222666936,
          "demand": 9,
          "service_time": 8,
          "time_window_start": 0,
          "time_window_end": 86400
        },
        {
          "id": 2,
          "x": 22.321073814882276,
          "y": 73.64712141640123,
          "demand": 15,
          "service_time": 13,
          "time_window_start": 0,
          "time_window_end": 86400
        },
        {
          "id": 3,
          "x": 8.693883262941615,
          "y": 42.192181968527045,
          "demand": 5,
          "service_time": 6,
          "time_window_start": 0,
          "time_window_end": 86400
        },
        {
          "id": 4,
          "x": 21.863797480360336,
          "y": 50.53552881033624,
          "demand": 5,
          "service_time": 13,
          "time_window_start": 0,
          "time_window_end": 86400
        },
        {
          "id": 5,
          "x": 19.88376506866485,
          "y": 64.98844377795233,
          "demand": 13,
          "service_time": 11,
          "time_window_start": 0,
          "time_window_end": 86400
        },
        {
          "id": 6,
          "x": 22.044062204069668,
          "y": 58.92656838759087,
          "demand": 5,
          "service_time": 7,
          "time_window_start": 0,
          "time_window_end": 86400
        },
        {
          "id": 7,
          "x": 69.81393949882269,
          "y": 34.02505165179919,
          "demand": 7,
          "service_time": 8,
          "time_window_start": 0,
          "time_window_end": 86400
        },
        {
          "id": 8,
          "x": 95.72130722067811,
          "y": 33.65945451126267,
          "demand": 6,
          "service_time": 11,
          "time_window_start": 0,
          "time_window_end": 86400
        }
      ],
      "vehicles": [
        {
          "id": 0,
          "capacity": 60,
          "depot_id": 0,
          "max_time": 86400
        },
        {
          "id": 1,
          "capacity": 60,
          "depot_id": 0,
          "max_time": 86400
        }
      ],
      "distance_matrix": [
        [
          0.0,
          49.502991301774536,
          36.40479784373507,
          42.03757012849446,
          28.14129853672139,
          33.63987296831261,
          29.346517361149736,
          25.451742046286142,
          48.553592666631026
        ],
        [
          49.502991301774536,
          0.0,
          82.42643953830748,
          68.02803432983457,
          63.85875855203627,
          76.45821841280048,
          70.28036998608994,
          32.066068685273585,
          44.505345061621504
        ],
        [
          36.40479784373507,
          82.42643953830748,
          0.0,
          34.27992908406219,
          23.11611590286811,
          8.99517494943612,
          14.723159202648832,
          61.85047051804697,
          83.5859304461081
        ],
        [
          42.03757012849446,
          68.02803432983457,
          34.27992908406219,
          0.0,
          15.590319978015051,
          25.394546802609366,
          21.407170914968813,
          61.66330587868024,
          87.44472516155312
        ],
        [
          28.14129853672139,
          63.85875855203627,
          23.11611590286811,
          15.590319978015051,
          0.0,
          14.587915526644162,
          8.3929756676442,
          50.71303555885097,
          75.76102975005676
        ],
        [
          33.63987296831261,
          76.45821841280048,
          8.99517494943612,
          25.394546802609366,
          14.587915526644162,
          0.0,
          6.435310168244273,
          58.7516295142859,
          82.05387479047376
        ],
        [
          29.346517361149736,
          70.28036998608994,
          14.723159202648832,
          21.407170914968813,
          8.3929756676442,
          6.435310168244273,
          0.0,
          53.87064796806025,
          77.88943109868433
        ],
        [
          25.451742046286142,
          32.066068685273585,
          61.85047051804697,
          61.66330587868024,
          50.71303555885097,
          58.7516295142859,
          53.87064796806025,
          0.0,
          25.90994719301073
        ],
        [
          48.553592666631026,
          44.505345061621504,
          83.5859304461081,
          87.44472516155312,
          75.76102975005676,
          82.05387479047376,
          77.88943109868433,
          25.90994719301073,
          0.0
        ]
      ],
      "problem_type": "CVRP"
    },
    "distribution_network": {
      "name": "distribution_network",
      "locations": [
        {
          "id": 0,
          "x": 50.0,
          "y": 50.0,
          "demand": 0,
          "service_time": 0,
          "time_window_start": 0,
          "time_window_end": 86400
        },
        {
          "id": 1,
          "x": 63.942679845788376,
          "y": 2.5010755222666936,
          "demand": 18,
          "service_time": 8,
          "time_window_start": 0,
          "time_window_end": 86400
        },
        {
          "id": 2,
          "x": 22.321073814882276,
          "y": 73.64712141640123,
          "demand": 12,
          "service_time": 14,
          "time_window_start": 0,
          "time_window_end": 86400
        },
        {
          "id": 3,
          "x": 42.192181968527045,
          "y": 2.9797219438070344,
          "demand": 16,
          "service_time": 8,
          "time_window_start": 0,
          "time_window_end": 86400
        },
        {
          "id": 4,
          "x": 50.53552881033624,
          "y": 2.6535969683863625,
          "demand": 16,
          "service_time": 15,
          "time_window_start": 0,
          "time_window_end": 86400
        },
        {
          "id": 5,
          "x": 70.13249735902359,
          "y": 41.95198209616587,
          "demand": 24,
          "service_time": 14,
          "time_window_start": 0,
          "time_window_end": 86400
        },
        {
          "id": 6,
          "x": 27.819070823066273,
          "y": 86.9300320792934,
          "demand": 15,
          "service_time": 11,
          "time_window_start": 0,
          "time_window_end": 86400
        },
        {
          "id": 7,
          "x": 34.02505165179919,
          "y": 15.547949981178155,
          "demand": 20,
          "service_time": 6,
          "time_window_start": 0,
          "time_window_end": 86400
        },
        {
          "id": 8,
          "x": 9.27458433801479,
          "y": 9.6716376833464,
          "demand": 21,
          "service_time": 14,
          "time_window_start": 0,
          "time_window_end": 86400
        },
        {
          "id": 9,
          "x": 26.452086722201308,
          "y": 4.345044292309719,
          "demand": 24,
          "service_time": 13,
          "time_window_start": 0,
          "time_window_end": 86400
        },
        {
          "id": 10,
          "x": 12.482616285320935,
          "y": 92.22953720281599,
          "demand": 12,
          "service_time": 13,
          "time_window_start": 0,
          "time_window_end": 86400
        },
        {
          "id": 11,
          "x": 29.317828140709288,
          "y": 62.863979949444335,
          "demand": 21,
          "service_time": 14,
          "time_window_start": 0,
          "time_window_end": 86400
        },
        {
          "id": 12,
          "x": 19.22885902566599,
          "y": 6.955514882374092,
          "demand": 17,
          "service_time": 9,
          "time_window_start": 0,
          "time_window_end": 86400
        }
      ],
      "vehicles": [
        {
          "id": 0,
          "capacity": 80,
          "depot_id": 0,
          "max_time": 86400
        },
        {
          "id": 1,
          "capacity": 80,
          "depot_id": 0,
          "max_time": 86400
        },
        {
          "id": 2,
          "capacity": 80,
          "depot_id": 0,
          "max_time": 86400
        }
      ],
      "distance_matrix": [
        [
          0.0,
          49.502991301774536,
          36.40479784373507,
          47.66412247062035,
          47.349431582002055,
          21.68151383302205,
          43.079239646606915,
          37.975554310991775,
          57.31436371438451,
          51.370022390591664,
          56.48794467104008,
          24.35639983570935,
          52.91210462553777
        ],
        [
          49.502991301774536,
          0.0,
          82.42643953830748,
          21.755763841005514,
          13.408018559017279,
          39.933543172997744,
          91.83225922373245,
          32.638710297748794,
          55.13635486820799,
          37.53591338416115,
          103.43758976892856,
          69.58850901178512,
          44.9351510773791
        ],
        [
          36.40479784373507,
          82.42643953830748,
          0.0,
          73.40805328758591,
          76.39460703636992,
          57.363002692034875,
          14.375802126503222,
          59.26632111635143,
          65.29221551263502,
          69.4250902869702,
          21.026208003826525,
          12.854209854844614,
          66.76325467195365
        ],
        [
          47.66412247062035,
          21.755763841005514,
          73.40805328758591,
          0.0,
          8.349718200174218,
          47.95308421262969,
          85.17183158676413,
          14.98874156191162,
          33.59092094643135,
          15.79919945689423,
          94.06480647326057,
          61.252537444334344,
          23.30495934492246
        ],
        [
          47.349431582002055,
          13.408018559017279,
          76.39460703636992,
          8.349718200174218,
          0.0,
          43.91359982909079,
          87.284334095474,
          20.948990324621054,
          41.853535504480746,
          24.14276655361097,
          97.32354915701838,
          63.83949436227987,
          31.600855538182405
        ],
        [
          21.68151383302205,
          39.933543172997744,
          57.363002692034875,
          47.95308421262969,
          43.91359982909079,
          0.0,
          61.75314603725526,
          44.73165039912411,
          68.88908631040854,
          57.63904964851973,
          76.49406078457528,
          45.86010115139233,
          61.773239457060015
        ],
        [
          43.079239646606915,
          91.83225922373245,
          14.375802126503222,
          85.17183158676413,
          87.284334095474,
          61.75314603725526,
          0.0,
          71.65134920368678,
          79.45286328153284,
          82.59630048197232,
          16.22626242677505,
          24.112675890779958,
          80.43453946908963
        ],
        [
          37.975554310991775,
          32.638710297748794,
          59.26632111635143,
          14.98874156191162,
          20.948990324621054,
          44.73165039912411,
          71.65134920368678,
          0.0,
          25.438488132598575,
          13.522384911641888,
          79.65012454697447,
          47.54960194513957,
          17.110150705262605
        ],
        [
          57.31436371438451,
          55.13635486820799,
          65.29221551263502,
          33.59092094643135,
          41.853535504480746,
          68.88908631040854,
          79.45286328153284,
          25.438488132598575,
          0.0,
          17.984415067278924,
          82.62020480513088,
          56.84326607337021,
          10.318183349174168
        ],
        [
          51.370022390591664,
          37.53591338416115,
          69.4250902869702,
          15.79919945689423,
          24.14276655361097,
          57.63904964851973,
          82.59630048197232,
          13.522384911641888,
          17.984415067278924,
          0.0,
          88.9878092685942,
          58.589063009418524,
          7.680467111939609
        ],
        [
          56.48794467104008,
          103.43758976892856,
          21.026208003826525,
          94.06480647326057,
          97.32354915701838,
          76.49406078457528,
          16.22626242677505,
          79.65012454697447,
          82.62020480513088,
          88.9878092685942,
          0.0,
          33.84908139103419,
          85.54046220250906
        ],
        [
          24.35639983570935,
          69.58850901178512,
          12.854209854844614,
          61.252537444334344,
          63.83949436227987,
          45.86010115139233,
          24.112675890779958,
          47.54960194513957,
          56.84326607337021,
          58.589063009418524,
          33.84908139103419,
          0.0,
          56.81147563617857
        ],
        [
          52.91210462553777,
          44.9351510773791,
          66.76325467195365,
          23.30495934492246,
          31.600855538182405,
          61.773239457060015,
          80.43453946908963,
          17.110150705262605,
          10.318183349174168,
          7.680467111939609,
          85.54046220250906,
          56.81147563617857,
          0.0
        ]
      ],
      "problem_type": "CVRP"
    }
  }
}